{
 "cells": [
  {
   "cell_type": "code",
   "execution_count": 1,
   "metadata": {},
   "outputs": [],
   "source": [
    "from statsmodels.tsa.statespace.sarimax import SARIMAX\n",
    "from sklearn.metrics import mean_squared_error, mean_absolute_percentage_error, r2_score\n",
    "from itertools import product\n",
    "import numpy as np\n",
    "import pandas as pd\n",
    "import warnings\n",
    "import matplotlib as plt\n",
    "import seaborn as sn\n",
    "\n",
    "warnings.filterwarnings(\"ignore\")"
   ]
  },
  {
   "cell_type": "markdown",
   "metadata": {},
   "source": [
    "## Import Data"
   ]
  },
  {
   "cell_type": "code",
   "execution_count": null,
   "metadata": {},
   "outputs": [
    {
     "data": {
      "text/plain": [
       "DatetimeIndex(['1980-01-01', '1980-01-02', '1980-01-03', '1980-01-04',\n",
       "               '1980-01-05', '1980-01-06', '1980-01-07', '1980-01-08',\n",
       "               '1980-01-09', '1980-01-10',\n",
       "               ...\n",
       "               '2024-12-22', '2024-12-23', '2024-12-24', '2024-12-25',\n",
       "               '2024-12-26', '2024-12-27', '2024-12-28', '2024-12-29',\n",
       "               '2024-12-30', '2024-12-31'],\n",
       "              dtype='datetime64[ns]', name='Date', length=16437, freq='D')"
      ]
     },
     "execution_count": 2,
     "metadata": {},
     "output_type": "execute_result"
    }
   ],
   "source": [
    "df_demanda = pd.read_csv('../data/datos_Demanda_EU27_GWh.csv', index_col=0, parse_dates=True)\n",
    "# establecer frecuencia diaria\n",
    "df_demanda = df_demanda.asfreq('D')\n",
    "\n",
    "# tomar la serie de datos acumuados en EU27\n",
    "serie_D = df_demanda['EU27'].copy()\n",
    "serie_D.index"
   ]
  },
  {
   "cell_type": "markdown",
   "metadata": {},
   "source": [
    "## Modelos ARIMA(p,0,q)"
   ]
  },
  {
   "cell_type": "code",
   "execution_count": 3,
   "metadata": {},
   "outputs": [],
   "source": [
    "def obtener_df_modelos_ARIMA(serie_temp, p_values:list, q_values:list, d, METRICA_EVAL):\n",
    "    '''\n",
    "    Función para entrenar y evaluar modelos ARIMA en una serie temporal.\n",
    "    Parametros:\n",
    "    - serie_temp: Serie temporal a evaluar (pd.Series).\n",
    "    - p_values: Lista de valores para el parámetro p (int).\n",
    "    - q_values: Lista de valores para el parámetro q (int).\n",
    "    - d: Diferenciación (int).\n",
    "    - METRICA_EVAL: Métrica de evaluación (str) para ordenar los resultados ('AIC', 'BIC', 'RMSE', 'MAPE', 'R2').\n",
    "    '''\n",
    "    \n",
    "    dict_metricas_eval = {\n",
    "        'AIC': True,  # AIC menor es mejor (ascending=True)\n",
    "        'BIC': True,  # BIC menor es mejor\n",
    "        'RMSE': True,  # RMSE menor es mejor\n",
    "        'MAPE': True,  # MAPE menor es mejor\n",
    "        'R2': False  # R2 mayor es mejor (ascending=False)\n",
    "    }\n",
    "\n",
    "    # Train-test split\n",
    "    train_size = int(len(serie_temp) * 0.8)\n",
    "    train, test = serie_temp[:train_size], serie_temp[train_size:]\n",
    "\n",
    "    # Crear combinaciones de parámetros\n",
    "    param_combinations = list(product(p_values, q_values))\n",
    "    P, D, Q, m = 0, 0, 0, 0  # no estacionalidad \n",
    "\n",
    "    # Resultados\n",
    "    results = []\n",
    "\n",
    "    # Loop por combinaciones\n",
    "    for i, (p, q) in enumerate(param_combinations):\n",
    "        try:\n",
    "            print()\n",
    "            print(f'Entrenando modelo ARIMA({p},{d},{q})...')\n",
    "            model = SARIMAX(train,\n",
    "                            order=(p, d, q),\n",
    "                            seasonal_order=(P, D, Q, m),\n",
    "                            enforce_stationarity=False,\n",
    "                            enforce_invertibility=False)\n",
    "            fitted_model = model.fit(disp=False)  \n",
    "\n",
    "            # Forecast\n",
    "            print('Prediciendo...')\n",
    "            pred = fitted_model.forecast(steps=len(test))\n",
    "\n",
    "            # Evaluación\n",
    "            print('Evaluando...')\n",
    "            aic = fitted_model.aic\n",
    "            bic = fitted_model.bic\n",
    "            rmse = np.sqrt(mean_squared_error(test, pred))\n",
    "            mape = mean_absolute_percentage_error(test, pred)\n",
    "            r2 = r2_score(test, pred)\n",
    "\n",
    "            results.append({\n",
    "                'p': p, 'q': q, #'P': P, 'Q': Q,\n",
    "                'AIC': aic,\n",
    "                'BIC': bic,\n",
    "                'RMSE': rmse,\n",
    "                'MAPE': mape,\n",
    "                'R2': r2\n",
    "            })\n",
    "\n",
    "            print(f'Modelo {i+1}/{len(param_combinations)} listo.')\n",
    "\n",
    "        except Exception as e:\n",
    "            print(f'Error en modelo ARIMA({p},{d},{q}): {e} de tipo {type(e).__name__}')\n",
    "            continue\n",
    "\n",
    "    # Convertir a DataFrame y ordenar por AIC (cuanto menor, mejor)\n",
    "    df_arima = pd.DataFrame(results).sort_values(f'{METRICA_EVAL}', ascending=dict_metricas_eval[METRICA_EVAL])\n",
    "    return df_arima"
   ]
  },
  {
   "cell_type": "markdown",
   "metadata": {},
   "source": [
    "### ARIMA parámetros significativos\n",
    "parámetros teóricamente más significativos:\n",
    "- ```d=0``` :  serie_D estacionaria según test ADF y KPSS\n",
    "- ```p``` : por el PACF vemos que los lags más significativos son ```[ ]```\n",
    "- ```q``` : por el ACF vemos que los lags más significativos son ```[ ]```\n"
   ]
  },
  {
   "cell_type": "markdown",
   "metadata": {},
   "source": [
    "#### serie parcial 2019-2024"
   ]
  },
  {
   "cell_type": "code",
   "execution_count": null,
   "metadata": {},
   "outputs": [
    {
     "name": "stdout",
     "output_type": "stream",
     "text": [
      "\n",
      "Entrenando modelo ARIMA(1,0,1)...\n",
      "Prediciendo...\n",
      "Evaluando...\n",
      "Modelo 1/9 listo.\n",
      "\n",
      "Entrenando modelo ARIMA(1,0,2)...\n",
      "Prediciendo...\n",
      "Evaluando...\n",
      "Modelo 2/9 listo.\n",
      "\n",
      "Entrenando modelo ARIMA(1,0,3)...\n",
      "Prediciendo...\n",
      "Evaluando...\n",
      "Modelo 3/9 listo.\n",
      "\n",
      "Entrenando modelo ARIMA(2,0,1)...\n",
      "Prediciendo...\n",
      "Evaluando...\n",
      "Modelo 4/9 listo.\n",
      "\n",
      "Entrenando modelo ARIMA(2,0,2)...\n",
      "Prediciendo...\n",
      "Evaluando...\n",
      "Modelo 5/9 listo.\n",
      "\n",
      "Entrenando modelo ARIMA(2,0,3)...\n",
      "Prediciendo...\n",
      "Evaluando...\n",
      "Modelo 6/9 listo.\n",
      "\n",
      "Entrenando modelo ARIMA(3,0,1)...\n",
      "Prediciendo...\n",
      "Evaluando...\n",
      "Modelo 7/9 listo.\n",
      "\n",
      "Entrenando modelo ARIMA(3,0,2)...\n",
      "Prediciendo...\n",
      "Evaluando...\n",
      "Modelo 8/9 listo.\n",
      "\n",
      "Entrenando modelo ARIMA(3,0,3)...\n",
      "Prediciendo...\n",
      "Evaluando...\n",
      "Modelo 9/9 listo.\n"
     ]
    },
    {
     "data": {
      "text/html": [
       "<div>\n",
       "<style scoped>\n",
       "    .dataframe tbody tr th:only-of-type {\n",
       "        vertical-align: middle;\n",
       "    }\n",
       "\n",
       "    .dataframe tbody tr th {\n",
       "        vertical-align: top;\n",
       "    }\n",
       "\n",
       "    .dataframe thead th {\n",
       "        text-align: right;\n",
       "    }\n",
       "</style>\n",
       "<table border=\"1\" class=\"dataframe\">\n",
       "  <thead>\n",
       "    <tr style=\"text-align: right;\">\n",
       "      <th></th>\n",
       "      <th>p</th>\n",
       "      <th>q</th>\n",
       "      <th>AIC</th>\n",
       "      <th>BIC</th>\n",
       "      <th>RMSE</th>\n",
       "      <th>MAPE</th>\n",
       "      <th>R2</th>\n",
       "    </tr>\n",
       "  </thead>\n",
       "  <tbody>\n",
       "    <tr>\n",
       "      <th>2</th>\n",
       "      <td>1</td>\n",
       "      <td>3</td>\n",
       "      <td>25071.870284</td>\n",
       "      <td>25099.204282</td>\n",
       "      <td>575.532696</td>\n",
       "      <td>0.199100</td>\n",
       "      <td>-0.257742</td>\n",
       "    </tr>\n",
       "    <tr>\n",
       "      <th>6</th>\n",
       "      <td>3</td>\n",
       "      <td>1</td>\n",
       "      <td>25072.913051</td>\n",
       "      <td>25100.249906</td>\n",
       "      <td>586.699633</td>\n",
       "      <td>0.203613</td>\n",
       "      <td>-0.307023</td>\n",
       "    </tr>\n",
       "    <tr>\n",
       "      <th>7</th>\n",
       "      <td>3</td>\n",
       "      <td>2</td>\n",
       "      <td>25062.145581</td>\n",
       "      <td>25094.949808</td>\n",
       "      <td>591.784961</td>\n",
       "      <td>0.204952</td>\n",
       "      <td>-0.329779</td>\n",
       "    </tr>\n",
       "    <tr>\n",
       "      <th>8</th>\n",
       "      <td>3</td>\n",
       "      <td>3</td>\n",
       "      <td>25043.416035</td>\n",
       "      <td>25081.683631</td>\n",
       "      <td>593.587394</td>\n",
       "      <td>0.205245</td>\n",
       "      <td>-0.337892</td>\n",
       "    </tr>\n",
       "    <tr>\n",
       "      <th>5</th>\n",
       "      <td>2</td>\n",
       "      <td>3</td>\n",
       "      <td>25040.380713</td>\n",
       "      <td>25073.181510</td>\n",
       "      <td>593.624356</td>\n",
       "      <td>0.204867</td>\n",
       "      <td>-0.338058</td>\n",
       "    </tr>\n",
       "    <tr>\n",
       "      <th>4</th>\n",
       "      <td>2</td>\n",
       "      <td>2</td>\n",
       "      <td>25073.648552</td>\n",
       "      <td>25100.985408</td>\n",
       "      <td>594.022280</td>\n",
       "      <td>0.206166</td>\n",
       "      <td>-0.339853</td>\n",
       "    </tr>\n",
       "    <tr>\n",
       "      <th>3</th>\n",
       "      <td>2</td>\n",
       "      <td>1</td>\n",
       "      <td>25146.826934</td>\n",
       "      <td>25168.698703</td>\n",
       "      <td>597.206207</td>\n",
       "      <td>0.206689</td>\n",
       "      <td>-0.354255</td>\n",
       "    </tr>\n",
       "    <tr>\n",
       "      <th>1</th>\n",
       "      <td>1</td>\n",
       "      <td>2</td>\n",
       "      <td>25184.388325</td>\n",
       "      <td>25206.257809</td>\n",
       "      <td>842.804455</td>\n",
       "      <td>0.331990</td>\n",
       "      <td>-1.697151</td>\n",
       "    </tr>\n",
       "    <tr>\n",
       "      <th>0</th>\n",
       "      <td>1</td>\n",
       "      <td>1</td>\n",
       "      <td>25372.538987</td>\n",
       "      <td>25388.942814</td>\n",
       "      <td>1788.555351</td>\n",
       "      <td>0.852370</td>\n",
       "      <td>-11.146648</td>\n",
       "    </tr>\n",
       "  </tbody>\n",
       "</table>\n",
       "</div>"
      ],
      "text/plain": [
       "   p  q           AIC           BIC         RMSE      MAPE         R2\n",
       "2  1  3  25071.870284  25099.204282   575.532696  0.199100  -0.257742\n",
       "6  3  1  25072.913051  25100.249906   586.699633  0.203613  -0.307023\n",
       "7  3  2  25062.145581  25094.949808   591.784961  0.204952  -0.329779\n",
       "8  3  3  25043.416035  25081.683631   593.587394  0.205245  -0.337892\n",
       "5  2  3  25040.380713  25073.181510   593.624356  0.204867  -0.338058\n",
       "4  2  2  25073.648552  25100.985408   594.022280  0.206166  -0.339853\n",
       "3  2  1  25146.826934  25168.698703   597.206207  0.206689  -0.354255\n",
       "1  1  2  25184.388325  25206.257809   842.804455  0.331990  -1.697151\n",
       "0  1  1  25372.538987  25388.942814  1788.555351  0.852370 -11.146648"
      ]
     },
     "execution_count": 4,
     "metadata": {},
     "output_type": "execute_result"
    }
   ],
   "source": [
    "serie_D_ej_01 = serie_D['2019':'2024']\n",
    "\n",
    "df_arima_01 = obtener_df_modelos_ARIMA(serie_D_ej_01, \n",
    "                                       p_values=[1,2,3], \n",
    "                                       q_values=[1,2,3], \n",
    "                                       d=0, \n",
    "                                       METRICA_EVAL='R2')\n",
    "df_arima_01"
   ]
  },
  {
   "cell_type": "code",
   "execution_count": 5,
   "metadata": {},
   "outputs": [
    {
     "data": {
      "text/html": [
       "<div>\n",
       "<style scoped>\n",
       "    .dataframe tbody tr th:only-of-type {\n",
       "        vertical-align: middle;\n",
       "    }\n",
       "\n",
       "    .dataframe tbody tr th {\n",
       "        vertical-align: top;\n",
       "    }\n",
       "\n",
       "    .dataframe thead th {\n",
       "        text-align: right;\n",
       "    }\n",
       "</style>\n",
       "<table border=\"1\" class=\"dataframe\">\n",
       "  <thead>\n",
       "    <tr style=\"text-align: right;\">\n",
       "      <th></th>\n",
       "      <th>p</th>\n",
       "      <th>q</th>\n",
       "      <th>AIC</th>\n",
       "      <th>BIC</th>\n",
       "      <th>RMSE</th>\n",
       "      <th>MAPE</th>\n",
       "      <th>R2</th>\n",
       "    </tr>\n",
       "  </thead>\n",
       "  <tbody>\n",
       "    <tr>\n",
       "      <th>5</th>\n",
       "      <td>2</td>\n",
       "      <td>3</td>\n",
       "      <td>25040.380713</td>\n",
       "      <td>25073.181510</td>\n",
       "      <td>593.624356</td>\n",
       "      <td>0.204867</td>\n",
       "      <td>-0.338058</td>\n",
       "    </tr>\n",
       "    <tr>\n",
       "      <th>8</th>\n",
       "      <td>3</td>\n",
       "      <td>3</td>\n",
       "      <td>25043.416035</td>\n",
       "      <td>25081.683631</td>\n",
       "      <td>593.587394</td>\n",
       "      <td>0.205245</td>\n",
       "      <td>-0.337892</td>\n",
       "    </tr>\n",
       "    <tr>\n",
       "      <th>7</th>\n",
       "      <td>3</td>\n",
       "      <td>2</td>\n",
       "      <td>25062.145581</td>\n",
       "      <td>25094.949808</td>\n",
       "      <td>591.784961</td>\n",
       "      <td>0.204952</td>\n",
       "      <td>-0.329779</td>\n",
       "    </tr>\n",
       "    <tr>\n",
       "      <th>2</th>\n",
       "      <td>1</td>\n",
       "      <td>3</td>\n",
       "      <td>25071.870284</td>\n",
       "      <td>25099.204282</td>\n",
       "      <td>575.532696</td>\n",
       "      <td>0.199100</td>\n",
       "      <td>-0.257742</td>\n",
       "    </tr>\n",
       "    <tr>\n",
       "      <th>6</th>\n",
       "      <td>3</td>\n",
       "      <td>1</td>\n",
       "      <td>25072.913051</td>\n",
       "      <td>25100.249906</td>\n",
       "      <td>586.699633</td>\n",
       "      <td>0.203613</td>\n",
       "      <td>-0.307023</td>\n",
       "    </tr>\n",
       "    <tr>\n",
       "      <th>4</th>\n",
       "      <td>2</td>\n",
       "      <td>2</td>\n",
       "      <td>25073.648552</td>\n",
       "      <td>25100.985408</td>\n",
       "      <td>594.022280</td>\n",
       "      <td>0.206166</td>\n",
       "      <td>-0.339853</td>\n",
       "    </tr>\n",
       "    <tr>\n",
       "      <th>3</th>\n",
       "      <td>2</td>\n",
       "      <td>1</td>\n",
       "      <td>25146.826934</td>\n",
       "      <td>25168.698703</td>\n",
       "      <td>597.206207</td>\n",
       "      <td>0.206689</td>\n",
       "      <td>-0.354255</td>\n",
       "    </tr>\n",
       "    <tr>\n",
       "      <th>1</th>\n",
       "      <td>1</td>\n",
       "      <td>2</td>\n",
       "      <td>25184.388325</td>\n",
       "      <td>25206.257809</td>\n",
       "      <td>842.804455</td>\n",
       "      <td>0.331990</td>\n",
       "      <td>-1.697151</td>\n",
       "    </tr>\n",
       "    <tr>\n",
       "      <th>0</th>\n",
       "      <td>1</td>\n",
       "      <td>1</td>\n",
       "      <td>25372.538987</td>\n",
       "      <td>25388.942814</td>\n",
       "      <td>1788.555351</td>\n",
       "      <td>0.852370</td>\n",
       "      <td>-11.146648</td>\n",
       "    </tr>\n",
       "  </tbody>\n",
       "</table>\n",
       "</div>"
      ],
      "text/plain": [
       "   p  q           AIC           BIC         RMSE      MAPE         R2\n",
       "5  2  3  25040.380713  25073.181510   593.624356  0.204867  -0.338058\n",
       "8  3  3  25043.416035  25081.683631   593.587394  0.205245  -0.337892\n",
       "7  3  2  25062.145581  25094.949808   591.784961  0.204952  -0.329779\n",
       "2  1  3  25071.870284  25099.204282   575.532696  0.199100  -0.257742\n",
       "6  3  1  25072.913051  25100.249906   586.699633  0.203613  -0.307023\n",
       "4  2  2  25073.648552  25100.985408   594.022280  0.206166  -0.339853\n",
       "3  2  1  25146.826934  25168.698703   597.206207  0.206689  -0.354255\n",
       "1  1  2  25184.388325  25206.257809   842.804455  0.331990  -1.697151\n",
       "0  1  1  25372.538987  25388.942814  1788.555351  0.852370 -11.146648"
      ]
     },
     "execution_count": 5,
     "metadata": {},
     "output_type": "execute_result"
    }
   ],
   "source": [
    "# ordenando por AIC\n",
    "df_arima_01.sort_values('AIC', ascending=True)"
   ]
  },
  {
   "cell_type": "markdown",
   "metadata": {},
   "source": [
    "#### datos completos 1980-2024\n"
   ]
  },
  {
   "cell_type": "code",
   "execution_count": null,
   "metadata": {},
   "outputs": [
    {
     "name": "stdout",
     "output_type": "stream",
     "text": [
      "\n",
      "Entrenando modelo ARIMA(1,0,1)...\n",
      "Prediciendo...\n",
      "Evaluando...\n",
      "Modelo 1/9 listo.\n",
      "\n",
      "Entrenando modelo ARIMA(1,0,2)...\n",
      "Prediciendo...\n",
      "Evaluando...\n",
      "Modelo 2/9 listo.\n",
      "\n",
      "Entrenando modelo ARIMA(1,0,3)...\n",
      "Prediciendo...\n",
      "Evaluando...\n",
      "Modelo 3/9 listo.\n",
      "\n",
      "Entrenando modelo ARIMA(2,0,1)...\n",
      "Prediciendo...\n",
      "Evaluando...\n",
      "Modelo 4/9 listo.\n",
      "\n",
      "Entrenando modelo ARIMA(2,0,2)...\n",
      "Prediciendo...\n",
      "Evaluando...\n",
      "Modelo 5/9 listo.\n",
      "\n",
      "Entrenando modelo ARIMA(2,0,3)...\n",
      "Prediciendo...\n",
      "Evaluando...\n",
      "Modelo 6/9 listo.\n",
      "\n",
      "Entrenando modelo ARIMA(3,0,1)...\n",
      "Prediciendo...\n",
      "Evaluando...\n",
      "Modelo 7/9 listo.\n",
      "\n",
      "Entrenando modelo ARIMA(3,0,2)...\n",
      "Prediciendo...\n",
      "Evaluando...\n",
      "Modelo 8/9 listo.\n",
      "\n",
      "Entrenando modelo ARIMA(3,0,3)...\n",
      "Prediciendo...\n",
      "Evaluando...\n",
      "Modelo 9/9 listo.\n"
     ]
    },
    {
     "data": {
      "text/html": [
       "<div>\n",
       "<style scoped>\n",
       "    .dataframe tbody tr th:only-of-type {\n",
       "        vertical-align: middle;\n",
       "    }\n",
       "\n",
       "    .dataframe tbody tr th {\n",
       "        vertical-align: top;\n",
       "    }\n",
       "\n",
       "    .dataframe thead th {\n",
       "        text-align: right;\n",
       "    }\n",
       "</style>\n",
       "<table border=\"1\" class=\"dataframe\">\n",
       "  <thead>\n",
       "    <tr style=\"text-align: right;\">\n",
       "      <th></th>\n",
       "      <th>p</th>\n",
       "      <th>q</th>\n",
       "      <th>AIC</th>\n",
       "      <th>BIC</th>\n",
       "      <th>RMSE</th>\n",
       "      <th>MAPE</th>\n",
       "      <th>R2</th>\n",
       "    </tr>\n",
       "  </thead>\n",
       "  <tbody>\n",
       "    <tr>\n",
       "      <th>7</th>\n",
       "      <td>3</td>\n",
       "      <td>2</td>\n",
       "      <td>188756.443206</td>\n",
       "      <td>188801.346443</td>\n",
       "      <td>606.326372</td>\n",
       "      <td>0.218216</td>\n",
       "      <td>-0.604054</td>\n",
       "    </tr>\n",
       "    <tr>\n",
       "      <th>8</th>\n",
       "      <td>3</td>\n",
       "      <td>3</td>\n",
       "      <td>188716.911076</td>\n",
       "      <td>188769.297653</td>\n",
       "      <td>612.418354</td>\n",
       "      <td>0.220630</td>\n",
       "      <td>-0.636449</td>\n",
       "    </tr>\n",
       "    <tr>\n",
       "      <th>5</th>\n",
       "      <td>2</td>\n",
       "      <td>3</td>\n",
       "      <td>188720.846905</td>\n",
       "      <td>188765.749686</td>\n",
       "      <td>614.617859</td>\n",
       "      <td>0.221398</td>\n",
       "      <td>-0.648224</td>\n",
       "    </tr>\n",
       "    <tr>\n",
       "      <th>4</th>\n",
       "      <td>2</td>\n",
       "      <td>2</td>\n",
       "      <td>188767.430035</td>\n",
       "      <td>188804.849399</td>\n",
       "      <td>639.350328</td>\n",
       "      <td>0.231507</td>\n",
       "      <td>-0.783544</td>\n",
       "    </tr>\n",
       "    <tr>\n",
       "      <th>6</th>\n",
       "      <td>3</td>\n",
       "      <td>1</td>\n",
       "      <td>188878.933381</td>\n",
       "      <td>188916.352745</td>\n",
       "      <td>643.588527</td>\n",
       "      <td>0.233247</td>\n",
       "      <td>-0.807268</td>\n",
       "    </tr>\n",
       "    <tr>\n",
       "      <th>2</th>\n",
       "      <td>1</td>\n",
       "      <td>3</td>\n",
       "      <td>188954.809235</td>\n",
       "      <td>188992.228218</td>\n",
       "      <td>897.641435</td>\n",
       "      <td>0.358100</td>\n",
       "      <td>-2.515699</td>\n",
       "    </tr>\n",
       "    <tr>\n",
       "      <th>1</th>\n",
       "      <td>1</td>\n",
       "      <td>2</td>\n",
       "      <td>189712.929685</td>\n",
       "      <td>189742.865176</td>\n",
       "      <td>1750.672880</td>\n",
       "      <td>0.853603</td>\n",
       "      <td>-12.372603</td>\n",
       "    </tr>\n",
       "    <tr>\n",
       "      <th>3</th>\n",
       "      <td>2</td>\n",
       "      <td>1</td>\n",
       "      <td>191134.043722</td>\n",
       "      <td>191163.979517</td>\n",
       "      <td>1926.955690</td>\n",
       "      <td>0.983892</td>\n",
       "      <td>-15.201283</td>\n",
       "    </tr>\n",
       "    <tr>\n",
       "      <th>0</th>\n",
       "      <td>1</td>\n",
       "      <td>1</td>\n",
       "      <td>191170.562870</td>\n",
       "      <td>191193.014716</td>\n",
       "      <td>1928.381747</td>\n",
       "      <td>0.984771</td>\n",
       "      <td>-15.225272</td>\n",
       "    </tr>\n",
       "  </tbody>\n",
       "</table>\n",
       "</div>"
      ],
      "text/plain": [
       "   p  q            AIC            BIC         RMSE      MAPE         R2\n",
       "7  3  2  188756.443206  188801.346443   606.326372  0.218216  -0.604054\n",
       "8  3  3  188716.911076  188769.297653   612.418354  0.220630  -0.636449\n",
       "5  2  3  188720.846905  188765.749686   614.617859  0.221398  -0.648224\n",
       "4  2  2  188767.430035  188804.849399   639.350328  0.231507  -0.783544\n",
       "6  3  1  188878.933381  188916.352745   643.588527  0.233247  -0.807268\n",
       "2  1  3  188954.809235  188992.228218   897.641435  0.358100  -2.515699\n",
       "1  1  2  189712.929685  189742.865176  1750.672880  0.853603 -12.372603\n",
       "3  2  1  191134.043722  191163.979517  1926.955690  0.983892 -15.201283\n",
       "0  1  1  191170.562870  191193.014716  1928.381747  0.984771 -15.225272"
      ]
     },
     "execution_count": 6,
     "metadata": {},
     "output_type": "execute_result"
    }
   ],
   "source": [
    "# parámetros significativos\n",
    "df_arima_teoria = obtener_df_modelos_ARIMA(serie_D, \n",
    "                                        p_values=[1,2,3], \n",
    "                                        q_values=[1,2,3], \n",
    "                                        d=0, \n",
    "                                        METRICA_EVAL='R2')\n",
    "df_arima_teoria"
   ]
  },
  {
   "cell_type": "code",
   "execution_count": 10,
   "metadata": {},
   "outputs": [],
   "source": [
    "df_arima_teoria.to_csv('resultados_modelos/ARIMA_parametros_significativos_R2.csv', index=False)"
   ]
  },
  {
   "cell_type": "code",
   "execution_count": 13,
   "metadata": {},
   "outputs": [
    {
     "data": {
      "text/html": [
       "<div>\n",
       "<style scoped>\n",
       "    .dataframe tbody tr th:only-of-type {\n",
       "        vertical-align: middle;\n",
       "    }\n",
       "\n",
       "    .dataframe tbody tr th {\n",
       "        vertical-align: top;\n",
       "    }\n",
       "\n",
       "    .dataframe thead th {\n",
       "        text-align: right;\n",
       "    }\n",
       "</style>\n",
       "<table border=\"1\" class=\"dataframe\">\n",
       "  <thead>\n",
       "    <tr style=\"text-align: right;\">\n",
       "      <th></th>\n",
       "      <th>p</th>\n",
       "      <th>q</th>\n",
       "      <th>AIC</th>\n",
       "      <th>BIC</th>\n",
       "      <th>RMSE</th>\n",
       "      <th>MAPE</th>\n",
       "      <th>R2</th>\n",
       "    </tr>\n",
       "  </thead>\n",
       "  <tbody>\n",
       "    <tr>\n",
       "      <th>8</th>\n",
       "      <td>3</td>\n",
       "      <td>3</td>\n",
       "      <td>188716.911076</td>\n",
       "      <td>188769.297653</td>\n",
       "      <td>612.418354</td>\n",
       "      <td>0.220630</td>\n",
       "      <td>-0.636449</td>\n",
       "    </tr>\n",
       "    <tr>\n",
       "      <th>5</th>\n",
       "      <td>2</td>\n",
       "      <td>3</td>\n",
       "      <td>188720.846905</td>\n",
       "      <td>188765.749686</td>\n",
       "      <td>614.617859</td>\n",
       "      <td>0.221398</td>\n",
       "      <td>-0.648224</td>\n",
       "    </tr>\n",
       "    <tr>\n",
       "      <th>7</th>\n",
       "      <td>3</td>\n",
       "      <td>2</td>\n",
       "      <td>188756.443206</td>\n",
       "      <td>188801.346443</td>\n",
       "      <td>606.326372</td>\n",
       "      <td>0.218216</td>\n",
       "      <td>-0.604054</td>\n",
       "    </tr>\n",
       "    <tr>\n",
       "      <th>4</th>\n",
       "      <td>2</td>\n",
       "      <td>2</td>\n",
       "      <td>188767.430035</td>\n",
       "      <td>188804.849399</td>\n",
       "      <td>639.350328</td>\n",
       "      <td>0.231507</td>\n",
       "      <td>-0.783544</td>\n",
       "    </tr>\n",
       "    <tr>\n",
       "      <th>6</th>\n",
       "      <td>3</td>\n",
       "      <td>1</td>\n",
       "      <td>188878.933381</td>\n",
       "      <td>188916.352745</td>\n",
       "      <td>643.588527</td>\n",
       "      <td>0.233247</td>\n",
       "      <td>-0.807268</td>\n",
       "    </tr>\n",
       "    <tr>\n",
       "      <th>2</th>\n",
       "      <td>1</td>\n",
       "      <td>3</td>\n",
       "      <td>188954.809235</td>\n",
       "      <td>188992.228218</td>\n",
       "      <td>897.641435</td>\n",
       "      <td>0.358100</td>\n",
       "      <td>-2.515699</td>\n",
       "    </tr>\n",
       "    <tr>\n",
       "      <th>1</th>\n",
       "      <td>1</td>\n",
       "      <td>2</td>\n",
       "      <td>189712.929685</td>\n",
       "      <td>189742.865176</td>\n",
       "      <td>1750.672880</td>\n",
       "      <td>0.853603</td>\n",
       "      <td>-12.372603</td>\n",
       "    </tr>\n",
       "    <tr>\n",
       "      <th>3</th>\n",
       "      <td>2</td>\n",
       "      <td>1</td>\n",
       "      <td>191134.043722</td>\n",
       "      <td>191163.979517</td>\n",
       "      <td>1926.955690</td>\n",
       "      <td>0.983892</td>\n",
       "      <td>-15.201283</td>\n",
       "    </tr>\n",
       "    <tr>\n",
       "      <th>0</th>\n",
       "      <td>1</td>\n",
       "      <td>1</td>\n",
       "      <td>191170.562870</td>\n",
       "      <td>191193.014716</td>\n",
       "      <td>1928.381747</td>\n",
       "      <td>0.984771</td>\n",
       "      <td>-15.225272</td>\n",
       "    </tr>\n",
       "  </tbody>\n",
       "</table>\n",
       "</div>"
      ],
      "text/plain": [
       "   p  q            AIC            BIC         RMSE      MAPE         R2\n",
       "8  3  3  188716.911076  188769.297653   612.418354  0.220630  -0.636449\n",
       "5  2  3  188720.846905  188765.749686   614.617859  0.221398  -0.648224\n",
       "7  3  2  188756.443206  188801.346443   606.326372  0.218216  -0.604054\n",
       "4  2  2  188767.430035  188804.849399   639.350328  0.231507  -0.783544\n",
       "6  3  1  188878.933381  188916.352745   643.588527  0.233247  -0.807268\n",
       "2  1  3  188954.809235  188992.228218   897.641435  0.358100  -2.515699\n",
       "1  1  2  189712.929685  189742.865176  1750.672880  0.853603 -12.372603\n",
       "3  2  1  191134.043722  191163.979517  1926.955690  0.983892 -15.201283\n",
       "0  1  1  191170.562870  191193.014716  1928.381747  0.984771 -15.225272"
      ]
     },
     "execution_count": 13,
     "metadata": {},
     "output_type": "execute_result"
    }
   ],
   "source": [
    "df_arima_teoria_AIC = df_arima_teoria.sort_values('AIC', ascending=True)\n",
    "df_arima_teoria_AIC"
   ]
  },
  {
   "cell_type": "code",
   "execution_count": 14,
   "metadata": {},
   "outputs": [],
   "source": [
    "df_arima_teoria_AIC.to_csv('resultados_modelos/ARIMA_parametros_significativos_AIC.csv', index=False)"
   ]
  }
 ],
 "metadata": {
  "kernelspec": {
   "display_name": "analisis_datos_3.10",
   "language": "python",
   "name": "python3"
  },
  "language_info": {
   "codemirror_mode": {
    "name": "ipython",
    "version": 3
   },
   "file_extension": ".py",
   "mimetype": "text/x-python",
   "name": "python",
   "nbconvert_exporter": "python",
   "pygments_lexer": "ipython3",
   "version": "3.10.13"
  }
 },
 "nbformat": 4,
 "nbformat_minor": 2
}
